0		0
1		0
2		5
3		376
4		84
5		63
6		75
7		264
8		633
9		690
10		784
11		921
12		1047
13		1095
14		1186
15		1227
16		1230
17		1252
18		1137
19		1217
20		1148
21		1173
22		1185
23		1203
24		1271
25		1349
26		1486
27		1442
28		1685
29		1861
30		1940
31		2025
32		1978
33		2022
34		2010
35		1921
36		2000
37		1907
38		1753
39		1736
40		1748
41		1618
42		1724
43		1707
44		1621
45		1536
46		1630
47		1586
48		1538
49		1584
50		1620
51		1592
52		1605
53		1538
54		1602
55		1504
56		1541
57		1533
58		1529
59		1444
60		1495
61		1463
62		1473
63		1394
64		1352
65		1440
66		1425
67		1464
68		1364
69		1374
70		1323
71		1356
72		1291
73		1330
74		1313
75		1335
76		1278
77		1271
78		1281
79		1324
80		1286
81		1357
82		1314
83		1312
84		1362
85		1388
86		1355
87		1448
88		1468
89		1464
90		1411
91		1495
92		1482
93		1479
94		1524
95		1551
96		1479
97		1540
98		1593
99		1572
100		1519
101		1630
102		1540
103		1429
104		1502
105		1545
106		1501
107		1513
108		1456
109		1485
110		1399
111		1410
112		1388
113		1412
114		1298
115		1305
116		1345
117		1341
118		1335
119		1342
120		1274
121		1308
122		1261
123		1335
124		1241
125		1254
126		1277
127		1282
128		1266
129		1210
130		1202
131		1143
132		1227
133		1171
134		1231
135		1185
136		1146
137		1145
138		1103
139		1133
140		1136
141		1151
142		1023
143		1054
144		1117
145		1103
146		1102
147		1047
148		1104
149		1052
150		1109
151		1095
152		1055
153		1083
154		1014
155		1033
156		1025
157		997
158		935
159		953
160		997
161		1031
162		972
163		960
164		955
165		901
166		945
167		978
168		934
169		944
170		887
171		948
172		961
173		943
174		885
175		924
176		926
177		931
178		939
179		925
180		876
181		887
182		846
183		922
184		882
185		926
186		937
187		880
188		796
189		816
190		909
191		852
192		878
193		885
194		859
195		792
196		845
197		878
198		855
199		832
200		877
201		848
202		848
203		827
204		823
205		820
206		811
207		820
208		827
209		822
210		813
211		852
212		801
213		812
214		820
215		842
216		774
217		842
218		823
219		856
220		821
221		857
222		839
223		849
224		799
225		778
226		791
227		813
228		826
229		870
230		786
231		765
232		823
233		783
234		751
235		764
236		773
237		747
238		756
239		826
240		770
241		797
242		748
243		758
244		733
245		797
246		795
247		791
248		765
249		772
250		791
251		758
252		791
253		817
254		778
255		741
256		772
257		779
258		817
259		760
260		750
261		783
262		803
263		849
264		829
265		761
266		761
267		766
268		771
269		781
270		765
271		769
272		764
273		794
274		811
275		750
276		803
277		789
278		709
279		762
280		794
281		774
282		795
283		742
284		795
285		797
286		773
287		671
288		832
289		722
290		722
291		765
292		805
293		800
294		765
295		783
296		751
297		775
298		778
299		832
300		782
301		790
302		777
303		789
304		789
305		764
306		770
307		768
308		739
309		778
310		754
311		732
312		806
313		796
314		771
315		787
316		807
317		745
318		764
319		847
320		804
321		784
322		806
323		799
324		771
325		803
326		817
327		746
328		824
329		821
330		801
331		752
332		808
333		819
334		866
335		812
336		875
337		841
338		864
339		861
340		844
341		820
342		848
343		815
344		841
345		814
346		880
347		913
348		862
349		888
350		913
351		897
352		891
353		958
354		866
355		928
356		867
357		887
358		899
359		871
360		912
361		921
362		908
363		954
364		949
365		926
366		967
367		969
368		956
369		928
370		1013
371		935
372		948
373		955
374		937
375		969
376		908
377		897
378		902
379		904
380		863
381		915
382		824
383		870
384		921
385		936
386		908
387		879
388		920
389		827
390		880
391		843
392		828
393		846
394		829
395		803
396		804
397		790
398		789
399		823
400		774
401		772
402		789
403		797
404		724
405		730
406		743
407		731
408		683
409		680
410		720
411		696
412		698
413		700
414		674
415		733
416		664
417		652
418		693
419		726
420		714
421		688
422		671
423		670
424		681
425		593
426		630
427		615
428		655
429		612
430		611
431		595
432		640
433		630
434		605
435		587
436		566
437		600
438		564
439		612
440		539
441		558
442		596
443		557
444		623
445		543
446		576
447		609
448		565
449		567
450		524
451		560
452		534
453		560
454		545
455		569
456		527
457		588
458		582
459		588
460		581
461		621
462		659
463		609
464		663
465		641
466		682
467		699
468		760
469		831
470		807
471		857
472		858
473		900
474		878
475		967
476		1043
477		1084
478		1137
479		1174
480		1197
481		1214
482		1355
483		1396
484		1358
485		1504
486		1505
487		1594
488		1629
489		1669
490		1697
491		1717
492		1769
493		1759
494		1812
495		1796
496		1736
497		1858
498		1790
499		1648
500		1713
501		1626
502		1633
503		1507
504		1513
505		1403
506		1304
507		1235
508		1162
509		1099
510		1042
511		951
512		874
513		860
514		738
515		677
516		630
517		607
518		575
519		548
520		534
521		477
522		449
523		472
524		441
525		455
526		438
527		455
528		436
529		457
530		496
531		481
532		515
533		517
534		577
535		587
536		597
537		633
538		681
539		746
540		741
541		805
542		841
543		870
544		906
545		969
546		966
547		1002
548		1025
549		1103
550		1215
551		1184
552		1262
553		1229
554		1304
555		1295
556		1382
557		1385
558		1306
559		1374
560		1355
561		1296
562		1365
563		1363
564		1315
565		1258
566		1227
567		1187
568		1167
569		1106
570		1037
571		1029
572		1000
573		921
574		804
575		797
576		739
577		634
578		611
579		545
580		481
581		474
582		459
583		381
584		345
585		315
586		290
587		236
588		211
589		191
590		181
591		177
592		140
593		139
594		131
595		108
596		93
597		99
598		86
599		88
600		91
601		83
602		73
603		77
604		80
605		75
606		76
607		69
608		71
609		46
610		71
611		74
612		77
613		71
614		75
615		68
616		73
617		72
618		62
619		62
620		81
621		65
622		64
623		58
624		47
625		60
626		48
627		48
628		51
629		46
630		67
631		58
632		54
633		43
634		57
635		44
636		43
637		58
638		54
639		36
640		53
641		43
642		47
643		46
644		37
645		35
646		43
647		34
648		44
649		53
650		35
651		42
652		45
653		47
654		33
655		36
656		45
657		46
658		45
659		36
660		44
661		37
662		42
663		42
664		37
665		32
666		34
667		44
668		35
669		43
670		32
671		41
672		30
673		43
674		36
675		43
676		41
677		38
678		29
679		37
680		38
681		27
682		39
683		35
684		23
685		42
686		25
687		32
688		38
689		34
690		26
691		37
692		33
693		37
694		40
695		31
696		34
697		20
698		25
699		20
700		30
701		41
702		27
703		27
704		26
705		32
706		33
707		24
708		37
709		39
710		28
711		25
712		33
713		17
714		33
715		26
716		25
717		36
718		26
719		29
720		34
721		25
722		23
723		24
724		23
725		26
726		20
727		30
728		30
729		28
730		21
731		25
732		26
733		38
734		18
735		36
736		30
737		29
738		26
739		30
740		23
741		22
742		30
743		26
744		17
745		28
746		21
747		22
748		36
749		23
750		28
751		20
752		23
753		34
754		21
755		26
756		30
757		38
758		27
759		21
760		27
761		26
762		24
763		24
764		33
765		24
766		23
767		17
768		23
769		28
770		23
771		22
772		30
773		24
774		28
775		30
776		19
777		25
778		27
779		18
780		32
781		28
782		33
783		18
784		30
785		28
786		19
787		19
788		27
789		14
790		27
791		26
792		20
793		14
794		23
795		18
796		25
797		17
798		21
799		22
800		26
801		19
802		23
803		33
804		17
805		26
806		22
807		22
808		26
809		24
810		25
811		20
812		18
813		37
814		24
815		32
816		22
817		25
818		20
819		30
820		21
821		20
822		20
823		21
824		24
825		17
826		16
827		20
828		23
829		17
830		19
831		16
832		19
833		23
834		18
835		25
836		22
837		21
838		28
839		16
840		25
841		23
842		19
843		23
844		30
845		23
846		18
847		21
848		28
849		23
850		22
851		9
852		22
853		22
854		21
855		23
856		25
857		22
858		24
859		30
860		16
861		26
862		29
863		20
864		22
865		17
866		23
867		15
868		21
869		24
870		22
871		28
872		28
873		22
874		20
875		30
876		21
877		19
878		14
879		20
880		19
881		28
882		23
883		27
884		22
885		25
886		16
887		24
888		29
889		27
890		31
891		25
892		21
893		12
894		23
895		21
896		22
897		23
898		19
899		18
900		16
901		28
902		15
903		14
904		33
905		19
906		21
907		21
908		27
909		31
910		20
911		20
912		18
913		23
914		25
915		18
916		20
917		25
918		21
919		16
920		24
921		20
922		23
923		21
924		18
925		22
926		23
927		19
928		16
929		23
930		17
931		15
932		13
933		22
934		19
935		9
936		25
937		21
938		20
939		10
940		16
941		17
942		12
943		14
944		16
945		11
946		11
947		22
948		10
949		7
950		13
951		11
952		9
953		12
954		10
955		6
956		14
957		7
958		7
959		7
960		9
961		3
962		9
963		7
964		8
965		4
966		12
967		8
968		9
969		12
970		13
971		6
972		8
973		7
974		7
975		4
976		8
977		5
978		5
979		8
980		5
981		7
982		6
983		9
984		5
985		6
986		5
987		5
988		7
989		7
990		12
991		3
992		6
993		5
994		5
995		7
996		10
997		10
998		8
999		11
1000		16
1001		3
1002		7
1003		8
1004		10
1005		7
1006		13
1007		7
1008		10
1009		9
1010		14
1011		6
1012		12
1013		10
1014		14
1015		10
1016		12
1017		14
1018		17
1019		13
1020		11
1021		20
1022		17
1023		17

