0		0
1		0
2		1
3		416
4		237
5		127
6		300
7		1643
8		5022
9		6455
10		7611
11		7978
12		7282
13		6421
14		5305
15		4396
16		3455
17		2732
18		2232
19		2000
20		1758
21		1764
22		1658
23		1594
24		1733
25		1780
26		1745
27		1924
28		2099
29		2206
30		2379
31		2469
32		2528
33		2481
34		2438
35		2351
36		2381
37		2254
38		2281
39		2245
40		2165
41		2085
42		2056
43		2044
44		2055
45		2041
46		1999
47		1998
48		1909
49		1996
50		1939
51		1876
52		1939
53		1941
54		1946
55		1876
56		1837
57		1942
58		1948
59		1952
60		1839
61		1804
62		1752
63		1704
64		1751
65		1815
66		1836
67		1779
68		1751
69		1813
70		1797
71		1779
72		1750
73		1862
74		1841
75		1883
76		1915
77		1909
78		1939
79		1991
80		1984
81		1987
82		2046
83		2124
84		2051
85		2108
86		2065
87		2019
88		2099
89		2010
90		2063
91		2003
92		2024
93		1985
94		1969
95		1869
96		1934
97		1862
98		1953
99		1892
100		1896
101		1799
102		1818
103		1729
104		1818
105		1868
106		1773
107		1672
108		1743
109		1631
110		1636
111		1631
112		1646
113		1577
114		1593
115		1603
116		1576
117		1583
118		1545
119		1551
120		1559
121		1584
122		1440
123		1492
124		1482
125		1523
126		1473
127		1437
128		1481
129		1435
130		1395
131		1447
132		1429
133		1402
134		1425
135		1421
136		1310
137		1438
138		1379
139		1303
140		1302
141		1358
142		1371
143		1333
144		1384
145		1383
146		1313
147		1325
148		1270
149		1343
150		1393
151		1304
152		1281
153		1364
154		1323
155		1280
156		1292
157		1268
158		1266
159		1359
160		1299
161		1306
162		1306
163		1331
164		1333
165		1235
166		1299
167		1339
168		1319
169		1275
170		1304
171		1367
172		1345
173		1360
174		1368
175		1285
176		1347
177		1310
178		1377
179		1366
180		1352
181		1236
182		1299
183		1308
184		1289
185		1245
186		1244
187		1215
188		1180
189		1128
190		1100
191		1042
192		986
193		1029
194		929
195		908
196		873
197		793
198		822
199		800
200		721
201		699
202		635
203		648
204		629
205		559
206		538
207		555
208		461
209		476
210		454
211		445
212		419
213		418
214		412
215		376
216		385
217		331
218		379
219		345
220		358
221		342
222		304
223		296
224		317
225		282
226		273
227		264
228		269
229		266
230		241
231		266
232		248
233		212
234		233
235		210
236		255
237		239
238		193
239		219
240		235
241		243
242		203
243		226
244		258
245		267
246		268
247		287
248		295
249		344
250		351
251		414
252		427
253		493
254		535
255		564
256		696
257		764
258		856
259		958
260		1079
261		1213
262		1302
263		1485
264		1656
265		1806
266		2069
267		2219
268		2358
269		2605
270		2866
271		3068
272		3289
273		3558
274		3842
275		3980
276		4288
277		4602
278		4854
279		5127
280		5213
281		5423
282		5560
283		5580
284		5658
285		5558
286		5626
287		5537
288		5327
289		5146
290		4920
291		4821
292		4420
293		4129
294		3863
295		3436
296		3283
297		2802
298		2499
299		2309
300		1939
301		1681
302		1399
303		1196
304		996
305		855
306		694
307		571
308		457
309		362
310		317
311		238
312		203
313		171
314		115
315		128
316		94
317		87
318		57
319		61
320		74
321		55
322		69
323		60
324		63
325		63
326		62
327		48
328		47
329		68
330		46
331		54
332		49
333		62
334		47
335		40
336		50
337		54
338		66
339		49
340		50
341		45
342		45
343		48
344		49
345		40
346		47
347		47
348		36
349		41
350		63
351		49
352		34
353		45
354		49
355		48
356		35
357		35
358		36
359		34
360		47
361		56
362		41
363		38
364		40
365		34
366		48
367		54
368		46
369		26
370		51
371		44
372		52
373		37
374		51
375		38
376		44
377		51
378		47
379		40
380		45
381		42
382		46
383		48
384		46
385		52
386		48
387		44
388		42
389		55
390		45
391		33
392		49
393		53
394		45
395		50
396		30
397		42
398		45
399		46
400		45
401		40
402		43
403		49
404		44
405		40
406		40
407		37
408		34
409		40
410		49
411		52
412		48
413		37
414		38
415		38
416		35
417		44
418		41
419		33
420		38
421		39
422		35
423		30
424		35
425		35
426		35
427		37
428		42
429		26
430		34
431		26
432		38
433		41
434		35
435		32
436		41
437		30
438		28
439		34
440		34
441		32
442		31
443		30
444		28
445		34
446		31
447		23
448		29
449		24
450		18
451		25
452		28
453		27
454		39
455		32
456		32
457		40
458		30
459		32
460		26
461		27
462		23
463		22
464		29
465		25
466		35
467		26
468		27
469		28
470		39
471		36
472		19
473		41
474		29
475		29
476		30
477		21
478		34
479		36
480		33
481		32
482		31
483		29
484		22
485		29
486		39
487		30
488		27
489		33
490		24
491		25
492		33
493		37
494		28
495		26
496		28
497		29
498		25
499		26
500		23
501		20
502		25
503		31
504		26
505		19
506		25
507		26
508		30
509		28
510		21
511		30
512		25
513		24
514		25
515		28
516		17
517		22
518		20
519		20
520		22
521		21
522		26
523		21
524		22
525		16
526		24
527		17
528		21
529		21
530		18
531		12
532		16
533		14
534		27
535		11
536		16
537		17
538		15
539		13
540		12
541		14
542		11
543		16
544		21
545		20
546		19
547		17
548		7
549		13
550		24
551		17
552		19
553		12
554		15
555		11
556		23
557		10
558		9
559		22
560		19
561		19
562		12
563		10
564		13
565		10
566		10
567		12
568		11
569		12
570		7
571		17
572		14
573		19
574		16
575		19
576		17
577		10
578		19
579		13
580		12
581		16
582		15
583		26
584		22
585		19
586		11
587		18
588		19
589		17
590		21
591		17
592		13
593		19
594		20
595		22
596		30
597		29
598		28
599		29
600		24
601		35
602		28
603		26
604		24
605		27
606		42
607		27
608		32
609		35
610		36
611		36
612		34
613		45
614		27
615		34
616		38
617		39
618		38
619		39
620		43
621		43
622		32
623		29
624		22
625		38
626		22
627		29
628		29
629		35
630		34
631		24
632		25
633		20
634		27
635		18
636		14
637		18
638		20
639		13
640		16
641		15
642		9
643		11
644		16
645		12
646		12
647		10
648		20
649		8
650		9
651		9
652		11
653		10
654		10
655		7
656		9
657		7
658		21
659		9
660		5
661		5
662		2
663		7
664		10
665		5
666		8
667		9
668		11
669		8
670		4
671		5
672		7
673		11
674		6
675		7
676		11
677		6
678		5
679		5
680		9
681		7
682		11
683		5
684		10
685		7
686		9
687		11
688		6
689		6
690		7
691		7
692		10
693		9
694		11
695		3
696		7
697		7
698		12
699		5
700		9
701		7
702		10
703		8
704		8
705		7
706		9
707		6
708		6
709		6
710		9
711		4
712		12
713		3
714		8
715		11
716		4
717		7
718		9
719		6
720		3
721		1
722		7
723		9
724		5
725		2
726		3
727		4
728		4
729		5
730		8
731		6
732		6
733		5
734		10
735		9
736		2
737		4
738		4
739		4
740		10
741		8
742		3
743		4
744		8
745		8
746		4
747		11
748		2
749		5
750		6
751		3
752		2
753		4
754		3
755		7
756		1
757		4
758		4
759		8
760		9
761		4
762		2
763		7
764		3
765		3
766		5
767		3
768		3
769		7
770		6
771		6
772		3
773		5
774		7
775		3
776		1
777		4
778		5
779		4
780		6
781		3
782		4
783		6
784		6
785		3
786		2
787		2
788		4
789		4
790		2
791		3
792		4
793		2
794		4
795		5
796		8
797		4
798		3
799		4
800		6
801		6
802		7
803		5
804		3
805		3
806		1
807		6
808		2
809		4
810		3
811		6
812		3
813		2
814		4
815		4
816		4
817		2
818		4
819		2
820		6
821		2
822		6
823		2
824		2
825		4
826		1
827		0
828		3
829		2
830		5
831		3
832		3
833		5
834		5
835		6
836		5
837		5
838		5
839		4
840		4
841		0
842		5
843		5
844		5
845		2
846		2
847		3
848		7
849		3
850		3
851		1
852		2
853		3
854		3
855		5
856		3
857		6
858		1
859		3
860		4
861		3
862		5
863		3
864		3
865		3
866		4
867		6
868		7
869		8
870		4
871		7
872		7
873		9
874		5
875		4
876		4
877		5
878		4
879		7
880		8
881		8
882		9
883		7
884		8
885		7
886		4
887		3
888		2
889		6
890		6
891		3
892		7
893		5
894		3
895		6
896		3
897		9
898		4
899		4
900		6
901		4
902		6
903		3
904		0
905		6
906		4
907		1
908		4
909		4
910		6
911		6
912		3
913		7
914		3
915		6
916		5
917		7
918		5
919		3
920		6
921		5
922		1
923		1
924		3
925		3
926		4
927		3
928		2
929		6
930		4
931		6
932		3
933		5
934		7
935		2
936		5
937		2
938		5
939		4
940		1
941		2
942		2
943		2
944		6
945		6
946		5
947		7
948		0
949		3
950		5
951		6
952		2
953		2
954		2
955		4
956		2
957		7
958		6
959		7
960		4
961		1
962		4
963		5
964		0
965		6
966		6
967		5
968		4
969		6
970		1
971		1
972		3
973		2
974		6
975		3
976		1
977		3
978		4
979		3
980		3
981		3
982		2
983		3
984		3
985		1
986		3
987		4
988		2
989		3
990		1
991		1
992		1
993		1
994		2
995		1
996		2
997		8
998		1
999		2
1000		0
1001		3
1002		2
1003		2
1004		1
1005		2
1006		2
1007		2
1008		4
1009		3
1010		1
1011		2
1012		4
1013		2
1014		0
1015		1
1016		2
1017		0
1018		1
1019		3
1020		1
1021		2
1022		1
1023		1

