0		0
1		0
2		1
3		145
4		42
5		35
6		46
7		142
8		422
9		455
10		596
11		607
12		654
13		769
14		763
15		773
16		835
17		810
18		812
19		782
20		820
21		855
22		870
23		844
24		870
25		970
26		961
27		1110
28		1226
29		1365
30		1449
31		1425
32		1481
33		1489
34		1451
35		1506
36		1499
37		1410
38		1352
39		1367
40		1262
41		1357
42		1263
43		1277
44		1244
45		1246
46		1237
47		1300
48		1206
49		1215
50		1202
51		1216
52		1280
53		1233
54		1136
55		1144
56		1141
57		1133
58		1076
59		1082
60		1050
61		1083
62		1082
63		1065
64		1006
65		1037
66		1067
67		1062
68		1094
69		1054
70		1021
71		1046
72		1047
73		1060
74		1070
75		1105
76		1088
77		1061
78		1068
79		1005
80		1083
81		1042
82		1050
83		1060
84		992
85		1008
86		997
87		995
88		1022
89		979
90		965
91		1006
92		946
93		958
94		971
95		890
96		911
97		872
98		877
99		898
100		898
101		894
102		922
103		877
104		855
105		825
106		826
107		790
108		816
109		812
110		802
111		813
112		788
113		747
114		772
115		737
116		705
117		735
118		755
119		729
120		719
121		732
122		749
123		717
124		733
125		722
126		768
127		695
128		670
129		737
130		694
131		657
132		702
133		675
134		671
135		571
136		575
137		596
138		527
139		567
140		523
141		492
142		502
143		445
144		473
145		458
146		439
147		408
148		432
149		384
150		389
151		394
152		345
153		339
154		332
155		340
156		356
157		344
158		314
159		294
160		308
161		312
162		325
163		295
164		294
165		329
166		270
167		275
168		272
169		243
170		262
171		294
172		242
173		256
174		230
175		234
176		248
177		240
178		225
179		250
180		268
181		214
182		244
183		239
184		252
185		239
186		286
187		253
188		245
189		272
190		299
191		275
192		319
193		312
194		404
195		377
196		420
197		481
198		531
199		571
200		612
201		654
202		756
203		856
204		968
205		1064
206		1134
207		1260
208		1345
209		1475
210		1646
211		1782
212		1886
213		1998
214		2048
215		2204
216		2224
217		2345
218		2429
219		2521
220		2457
221		2435
222		2387
223		2325
224		2365
225		2219
226		2007
227		1961
228		1838
229		1693
230		1474
231		1331
232		1152
233		1016
234		888
235		789
236		696
237		533
238		495
239		409
240		386
241		311
242		271
243		232
244		212
245		208
246		218
247		195
248		174
249		159
250		154
251		154
252		162
253		161
254		161
255		182
256		163
257		159
258		175
259		159
260		151
261		146
262		147
263		154
264		174
265		153
266		155
267		164
268		158
269		140
270		134
271		145
272		137
273		143
274		128
275		131
276		144
277		140
278		174
279		150
280		131
281		134
282		133
283		122
284		155
285		127
286		163
287		113
288		137
289		138
290		146
291		134
292		140
293		136
294		118
295		157
296		131
297		133
298		142
299		127
300		123
301		129
302		120
303		141
304		130
305		160
306		125
307		140
308		127
309		132
310		130
311		142
312		135
313		117
314		114
315		159
316		140
317		138
318		142
319		129
320		133
321		142
322		105
323		134
324		139
325		116
326		123
327		133
328		109
329		124
330		133
331		122
332		120
333		134
334		151
335		124
336		100
337		139
338		149
339		113
340		105
341		118
342		129
343		121
344		100
345		135
346		130
347		125
348		150
349		119
350		133
351		134
352		124
353		119
354		116
355		116
356		127
357		134
358		138
359		104
360		138
361		97
362		119
363		134
364		118
365		133
366		126
367		140
368		139
369		128
370		123
371		117
372		111
373		143
374		106
375		126
376		135
377		135
378		125
379		141
380		143
381		127
382		142
383		141
384		131
385		139
386		124
387		135
388		135
389		129
390		147
391		146
392		145
393		151
394		160
395		128
396		126
397		161
398		131
399		152
400		133
401		148
402		148
403		138
404		164
405		149
406		150
407		140
408		136
409		153
410		149
411		136
412		142
413		139
414		151
415		154
416		144
417		130
418		123
419		132
420		119
421		146
422		114
423		102
424		118
425		118
426		124
427		115
428		135
429		116
430		100
431		98
432		101
433		112
434		100
435		117
436		111
437		97
438		105
439		81
440		78
441		104
442		104
443		88
444		86
445		85
446		80
447		88
448		75
449		67
450		75
451		65
452		76
453		67
454		75
455		70
456		77
457		72
458		57
459		62
460		60
461		65
462		71
463		63
464		56
465		55
466		56
467		53
468		63
469		62
470		54
471		66
472		61
473		46
474		48
475		46
476		51
477		57
478		57
479		50
480		52
481		51
482		54
483		62
484		49
485		47
486		64
487		56
488		49
489		52
490		45
491		68
492		54
493		54
494		65
495		84
496		63
497		76
498		65
499		67
500		84
501		86
502		66
503		102
504		109
505		84
506		80
507		112
508		103
509		114
510		113
511		132
512		120
513		121
514		129
515		127
516		159
517		151
518		185
519		154
520		161
521		173
522		188
523		177
524		195
525		231
526		216
527		224
528		214
529		232
530		257
531		250
532		251
533		253
534		270
535		302
536		280
537		293
538		287
539		304
540		308
541		263
542		293
543		297
544		251
545		272
546		233
547		264
548		210
549		187
550		187
551		194
552		207
553		172
554		136
555		136
556		133
557		134
558		122
559		111
560		119
561		114
562		85
563		80
564		75
565		52
566		57
567		54
568		57
569		47
570		53
571		40
572		48
573		45
574		39
575		38
576		39
577		36
578		35
579		27
580		28
581		33
582		41
583		26
584		31
585		26
586		34
587		33
588		29
589		30
590		48
591		37
592		35
593		39
594		29
595		43
596		42
597		38
598		48
599		38
600		38
601		50
602		49
603		41
604		46
605		48
606		36
607		53
608		37
609		58
610		50
611		55
612		59
613		56
614		67
615		60
616		58
617		47
618		48
619		60
620		45
621		49
622		52
623		54
624		42
625		51
626		51
627		44
628		54
629		38
630		39
631		46
632		39
633		41
634		30
635		30
636		31
637		31
638		31
639		20
640		29
641		40
642		35
643		24
644		21
645		19
646		14
647		16
648		22
649		18
650		13
651		23
652		15
653		15
654		24
655		26
656		13
657		18
658		16
659		21
660		18
661		26
662		16
663		15
664		23
665		18
666		12
667		12
668		25
669		12
670		18
671		24
672		15
673		14
674		23
675		15
676		22
677		14
678		10
679		9
680		14
681		8
682		11
683		13
684		9
685		14
686		14
687		11
688		18
689		15
690		9
691		6
692		13
693		10
694		12
695		13
696		13
697		9
698		10
699		10
700		7
701		8
702		5
703		8
704		20
705		9
706		7
707		10
708		8
709		3
710		9
711		8
712		11
713		6
714		15
715		13
716		7
717		13
718		17
719		6
720		13
721		9
722		15
723		12
724		19
725		8
726		15
727		19
728		24
729		16
730		32
731		15
732		16
733		16
734		21
735		23
736		21
737		24
738		18
739		22
740		18
741		18
742		28
743		24
744		30
745		18
746		16
747		20
748		29
749		20
750		33
751		19
752		21
753		25
754		30
755		20
756		27
757		26
758		22
759		19
760		32
761		34
762		27
763		20
764		18
765		28
766		22
767		21
768		25
769		23
770		26
771		18
772		14
773		18
774		21
775		10
776		17
777		14
778		15
779		13
780		16
781		6
782		14
783		10
784		6
785		7
786		9
787		9
788		7
789		5
790		7
791		6
792		9
793		7
794		7
795		3
796		4
797		5
798		5
799		8
800		3
801		5
802		7
803		3
804		3
805		4
806		3
807		6
808		4
809		5
810		4
811		6
812		4
813		3
814		4
815		4
816		5
817		3
818		3
819		5
820		3
821		2
822		7
823		5
824		2
825		3
826		4
827		4
828		0
829		3
830		2
831		6
832		6
833		5
834		5
835		4
836		3
837		3
838		7
839		8
840		3
841		1
842		2
843		9
844		6
845		1
846		2
847		3
848		6
849		4
850		3
851		4
852		1
853		5
854		6
855		3
856		4
857		3
858		3
859		5
860		2
861		5
862		4
863		4
864		8
865		5
866		4
867		3
868		6
869		7
870		2
871		4
872		6
873		6
874		3
875		6
876		6
877		8
878		3
879		8
880		5
881		9
882		9
883		6
884		4
885		8
886		6
887		4
888		10
889		5
890		6
891		9
892		5
893		6
894		3
895		1
896		9
897		3
898		3
899		5
900		6
901		6
902		5
903		2
904		10
905		2
906		6
907		9
908		4
909		5
910		5
911		3
912		7
913		3
914		4
915		6
916		3
917		3
918		5
919		3
920		2
921		4
922		8
923		5
924		6
925		5
926		4
927		4
928		11
929		6
930		1
931		2
932		1
933		6
934		4
935		2
936		8
937		3
938		6
939		4
940		5
941		6
942		0
943		1
944		6
945		6
946		2
947		3
948		3
949		3
950		3
951		4
952		4
953		3
954		2
955		6
956		5
957		6
958		4
959		6
960		3
961		4
962		3
963		3
964		7
965		6
966		2
967		1
968		4
969		7
970		6
971		3
972		2
973		1
974		4
975		1
976		1
977		4
978		1
979		1
980		2
981		1
982		2
983		1
984		3
985		2
986		3
987		3
988		7
989		0
990		1
991		2
992		1
993		2
994		1
995		2
996		2
997		3
998		1
999		1
1000		4
1001		1
1002		2
1003		0
1004		0
1005		0
1006		1
1007		1
1008		4
1009		2
1010		1
1011		2
1012		3
1013		2
1014		2
1015		2
1016		1
1017		1
1018		2
1019		1
1020		1
1021		1
1022		2
1023		2

